# 3
8.332924317211333 80.19295018097324 74.76264471735303 31.32378975966055 
91.21709718967 46.43614185936985 39.74274109299163 26.266982451990394 
56.14647462074467 83.9647566856686 5.730687177533877 85.5643762544632 
# 3
8.88348749098663 65.21981556303479 39.63942999288809 9.981445829499558 
86.84484727433622 82.0777178779762 17.150533241360545 55.34422413934094 
44.84485608072598 52.80269770638141 93.33217482491172 56.730937921438226 
# 3
82.00448853453571 25.473632297672 34.8163046510475 79.84276702080061 
71.54256760313048 22.119574656167373 49.21075271041221 67.83125353054858 
88.21386107477142 34.45928597573701 10.008769501382043 8.229003194865491 
# 3
76.27447959119658 37.03581184208532 17.023576653383575 31.752760316594987 
78.33781058420625 23.972927066433204 82.17511344402075 64.0483572871746 
6.958903114609727 9.673264625726851 65.06098029985854 65.98698402492873 
# 3
78.13330437016829 13.736769329426291 76.18961352852544 28.73849498000195 
88.07926804886552 79.04178557057188 56.02145912158687 32.17280569984674 
48.83325246590262 17.22136189646265 44.515129939805895 79.30598649367865 
# 3
77.93728527157839 17.197630670389874 62.7690702318372 87.61603825103136 
3.6025867276319956 97.70891224884039 65.97257858899687 85.51498701962915 
69.94341224489446 83.79567699405331 60.16561673694499 46.606955516960916 
# 3
62.669854769806875 79.22543416353358 57.36646573584111 20.16638120166109 
99.8198614720754 77.73817683695508 34.008658987582486 85.42129410217647 
22.00212132139281 81.98613972261872 33.61459948669492 26.491864426002643 
# 3
41.46329717750768 73.88921551300164 60.609130954509105 78.81602463753374 
66.52027128152801 69.74557067752336 81.93933085605275 39.0740798059766 
49.79181590237338 24.06059167907546 54.300884858268404 17.694713171688125 
# 3
88.38168555984204 16.879314878000873 84.28896728812559 3.9977457928930926 
35.648264439124276 22.542707178493416 21.25026662406011 36.672523794073875 
61.05578127208579 88.16399688390393 93.00562722103649 58.21140649079511 
# 3
94.07731779272727 78.8580717910649 73.2878342521597 63.821562360552086 
76.7304772508827 31.467117424733893 3.5280615087409872 93.30803184752229 
46.89455932761032 42.00052405266461 34.838680779591044 42.52120128063738 
# 3
24.612260437310198 40.73912971886997 76.14148253500943 83.2140657857511 
81.73080657963365 99.05491776206762 14.832075029971413 44.44849927514862 
76.78051484925494 70.51525620036062 57.99688378636899 88.38674014264187 
# 3
11.510700671625685 65.24557672697931 15.157347409535971 22.126030447476342 
11.055234829423677 14.321672734850832 43.27078091943656 69.5832448646225 
32.322593242364604 54.448519337110035 47.79501083432777 27.304989016983594 
# 3
78.21178145526102 62.30936438043146 57.080722731485956 23.141183255308086 
97.98426955612327 69.25035430820768 46.15019430583466 81.53028446238363 
67.1427319931606 97.327363465951 19.937941352774047 77.09038693603642 
# 3
31.815439994355323 70.23840673657172 44.67910777171061 74.76257576592847 
66.14250224981446 98.83655109087303 24.907623152533787 56.204470230477085 
14.564088208118642 9.122156491264233 17.83691592765553 16.532984264308006 
# 3
46.546569818938686 61.710699751040764 13.929266473556279 14.977772060851379 
53.561476993287 49.27473764375596 92.46944290684537 41.22013780431452 
41.3854113201044 73.31672826249316 94.4486722421845 22.314556295244316 
# 3
22.40384160685519 90.55615379336193 6.344781842077063 80.7796274033884 
43.42146437864476 3.9870445660350806 15.284872516471493 61.98163046383348 
5.135001915294913 49.27733560036134 43.02968395903671 50.307289373535035 
# 3
64.70957078756179 66.48973740979449 59.0038074874973 81.63500230071928 
28.53003332472572 1.6713881505276529 31.139694224391544 59.78604497781497 
54.16299215129876 86.94256474058257 74.41090977416282 9.532696260621066 
# 3
37.18961805069023 50.12119618044119 92.71085187996152 39.80640498400816 
52.972853644592654 0.08700798655464359 84.16493350680828 27.727234002406973 
29.22401724188162 23.893552780761485 53.77641942743773 3.6159355198283505 
# 3
1.3739998011185084 59.091032582935895 33.079225985433226 53.65194439571774 
3.48908962494483 97.29065235763781 6.646845089223341 20.948477077537085 
77.61680609113168 53.676247387706965 45.03119901338848 87.31525217300225 
# 3
41.684447754409135 20.678796621962135 9.709157218967047 58.21963046220294 
32.362783403179805 77.30810497574032 7.917496115432776 13.581436962511905 
13.68631062343173 75.95491839501005 62.38838693026949 11.350485745921413 
# 3
81.30961914009282 95.08604837743721 96.32171386335827 28.893935324025843 
0.3460168063397995 53.649850600883134 65.80006476570304 58.31194594825846 
99.18391645842436 43.381129306416575 61.264262874244494 73.02450279765124 
# 3
61.77449098518725 5.480326043280015 48.873275753978575 34.46814633006483 
34.45777769714184 83.28426123820229 99.84668356966888 87.53140085639598 
97.31917929810014 28.411870668858906 30.7616072340663 46.11730904090818 
# 3
87.69687183221096 53.068773623046795 97.89620644306926 32.46276303086785 
73.52054228760264 8.90748217463575 11.484649857532991 21.403580859353944 
2.715915820535708 51.31868149524295 67.69965561134656 27.701897695197975 
# 3
11.462174555513338 89.94415668234568 57.86518112740965 14.484250047703306 
75.5808522181214 58.70739430592609 24.60941923866493 43.599157254287235 
81.36311226873553 48.1909281632362 72.81638452664406 37.16557248629999 
# 3
58.71015719592027 90.5040282422047 40.42761307887736 48.17028916112921 
97.54789989971711 52.11627915532272 57.72416678830935 79.0310353642022 
85.87262378402743 39.99161334170872 89.77931900987616 19.411399319377708 
# 3
1.042986470574192 97.11100278417659 79.25021824838632 16.817735641289154 
20.436188583357296 87.34690842288015 75.28651790359402 49.189075557853144 
38.33541981493763 62.809701776338486 94.91815288870224 77.08617360812656 
# 3
10.560628166131325 0.5615075218448173 53.39917027355121 20.933165496428074 
23.12677493253822 23.042015810477956 59.257724800788445 64.49225860976357 
48.30124358212872 19.991908405023494 89.17898953909913 91.14322144329799 
# 3
55.092545758697675 85.62870260537682 64.62548881057168 27.715458754998178 
6.90520936109813 94.9178000625047 80.61856993093114 12.444848857684077 
75.23658947162268 53.18595148791185 0.47113075470973653 12.086822123739683 
# 3
55.052099147407496 99.07487498498165 86.97942333157464 81.8032046530181 
71.7654077704517 92.81519275887527 59.94895369416401 90.58487235818986 
62.87292621033915 71.75249260613776 93.4949159184524 49.61532372192745 
# 3
7.981223788193281 40.63887963294779 2.921594260361582 82.8158718396394 
90.30976175550019 13.791069140906453 36.31339970167553 42.336436283370574 
13.143386426049396 57.7396870542202 99.97379289087054 21.258548852752014 
# 3
6.961278199017662 37.639165463566215 37.67924761518506 9.89382372662747 
85.28856888462383 22.786973162754055 27.582038448332867 81.33114929742482 
32.70028345764332 69.53522698797596 30.87932796217787 89.56791656808615 
# 3
72.96882314046822 34.97536814376434 77.04948960277561 13.727393652279163 
20.016107131292493 94.27746554317766 65.4545691884515 98.69229171655424 
21.6248338009134 90.98533444660866 6.154913741132928 60.113327308145074 
# 3
1.9297677470989427 74.4113351690474 14.079812651077805 78.26718373300355 
78.82394606762598 59.321562334226165 96.20784593675202 27.04481136253907 
22.74792662302535 46.57458582951537 87.04199575222333 93.51252139345759 
# 3
79.59083337127747 10.052683399366236 13.766513907852552 74.43907901967833 
46.711342859083 2.9013323354581178 18.3234852474914 54.77977422961896 
65.12537482710498 90.64467702804005 12.761832244079896 83.69872137546774 
# 3
99.64968833735024 37.49094041253534 2.469259399911805 55.118400720199276 
73.03481022960044 14.444524867801467 46.331295160031004 66.01990205077954 
85.15308245359957 15.178705694750194 33.26035534289552 72.85846210174523 
# 3
48.2229074827518 39.05549609692854 21.165056982312258 34.97823110728403 
57.69134129614909 24.72504774787082 11.963009120980306 16.21870485970992 
24.238149316378788 76.7599169673597 32.701338046414975 82.34220998844656 
# 3
84.08613861965158 64.29639193818734 42.963818274727 22.796903215672305 
72.21300617976779 44.23437295108964 68.22342779866725 76.31322226194584 
33.16559645891629 43.05634071410515 35.480012211313614 25.734653829956056 
# 3
80.57275285454284 17.087775785588445 16.584048474408995 86.44882972140611 
13.304246045174361 39.961342860131076 68.6351682423724 30.396519348019424 
57.44185166579919 30.50738281544316 50.88994341537766 41.67065913686512 
# 3
4.56530447158382 57.260686587751366 15.468458584340738 24.004540709772193 
93.15188610672095 49.477455400553374 31.442758052453723 0.278037950551302 
30.212386672002566 65.0749085205994 75.72813329946591 67.06805486021018 
# 3
86.89993792051392 22.087559997546556 12.396575376485552 33.616664639017856 
94.27519503731075 31.319157188811907 32.966131986299544 82.9914634349574 
38.49880961105387 56.77238245410193 65.46830171441714 62.140231185648986 
# 3
87.50206078889975 16.628798888639263 5.376855881156384 74.25715245180857 
71.40402420420403 85.93061470232635 74.45895871055438 39.79370909500549 
82.98012854441637 11.3723080613651 56.04614797731604 43.15785150895445 
# 3
27.70147881963535 54.10661528948884 23.1803193555001 67.85641057121823 
17.689741370542933 10.453934173760215 21.177289918724508 3.2312947078100396 
65.7698649736303 74.95032383742473 54.518433112676554 30.63705672120043 
# 3
10.77200592800811 57.56432863969577 55.09337092202936 50.56566223809186 
67.38252060634319 26.118990874866345 17.325400343575847 56.6736179639878 
99.37929091431819 61.08084881608077 97.46436723587951 39.68385947988161 
# 3
2.3556665590222625 3.871858659342331 41.234016275752126 98.70192204037703 
12.487658557755832 65.45918363811931 94.41488909580335 20.404253529892834 
86.26485970680278 81.42680216993354 60.40443152652334 66.3818632667772 
# 3
59.21707738577084 82.76260692584565 20.59376262655971 71.09895422539826 
77.32464950436724 39.53608986004418 68.58143796741561 64.99801898798704 
83.31871844237227 23.420440147309897 34.15885663639716 31.64809433510204 
# 3
46.470243624612294 78.07596378215703 71.2577051496621 75.32565561552252 
63.72753253936558 95.21492936433125 10.486942830604452 4.934028530144163 
44.769368441654954 33.66016085572371 82.72674889577625 76.42444336221844 
# 3
76.03848058868263 60.75045594456901 49.810785656507285 75.52764276442922 
15.049431585554174 77.7615469550289 41.702264284185986 15.779915509451058 
65.88050871871611 84.3781537742416 81.00312243306485 39.4135874748825 
# 3
82.35391287264491 54.36385972273149 16.84608251255518 37.48356613990948 
67.74480482247841 46.891992342957764 59.269900498950165 88.98132948349719 
97.2725963431088 48.4324062611669 91.20183585451386 43.26554788430423 
# 3
10.234755673594009 38.46758774008774 56.24691303811983 55.26225648300846 
3.038087263092537 24.6832327715507 59.696026048044416 39.54237755041539 
32.3591842382587 19.57268644944392 4.502119505365054 52.726410166683316 
# 3
85.40080361374685 78.30079081741616 68.46885516132843 12.324055116608946 
66.0099677117429 89.68026700077345 2.0393969834887393 43.437579035497244 
63.63244050469088 87.41946814895036 69.86685780779638 60.37795503480585 
# 3
15.323916169300468 12.973992702446912 85.84937593597076 10.272106467762743 
80.61236678215911 91.84378082973839 49.87936335169307 44.676513597782254 
38.50138768862155 30.54169301636318 72.27712448827359 55.24711805319916 
# 3
58.42056281774253 81.54334904574544 5.8919204609648945 63.75450219353098 
39.48503401760951 70.37515578723271 83.19934700663167 64.88525015889667 
45.95335182502118 39.462246319331925 48.89294029058179 59.6400170949588 
# 3
30.30112999277941 47.59525190109759 81.14317000861165 7.638546601231566 
9.435260884772623 1.2699624754735739 67.37511961104835 0.22687371934978495 
30.337691551834755 88.30047842825391 57.34827712958577 3.0475263270769437 
# 3
99.97540473318445 95.13503007173195 40.82001682631391 69.53875424746374 
24.227251677049246 74.10615970634821 91.42310971259742 48.31080287964758 
34.88263849514803 65.57027842204621 85.90898890730057 30.155646425998217 
# 3
45.535537460545214 15.858781228328978 57.07857593060576 7.677414009283234 
82.48853942515471 76.72503779203831 5.740291315361534 16.013433623137917 
52.83883701624978 58.4859156266795 71.16452319476923 48.72597567831435 
# 3
72.32616539054287 46.51518041192894 9.142920250591825 38.93643378641746 
28.8453944441713 74.08103419913584 52.55013633953121 24.255518873917147 
59.5968105787827 57.01077483574261 89.11031323049717 67.24201038121109 
# 3
91.99595413593849 73.61417223353564 58.96149850876527 81.91157856322091 
32.5869022046108 69.94619551457862 89.50750655862146 63.719731836428075 
98.94013201696742 15.42067695604138 21.62435048406779 41.85983076858878 
# 3
74.70655907779917 36.418394069530166 16.571587962998912 73.5227808787346 
57.0313185900703 9.191706104433484 13.371590870487793 26.30308873613012 
24.04451189740211 26.88578962008733 78.02375673728973 54.855688635426624 
# 3
13.5551494848292 74.54894753799665 94.96594924053525 66.43689520949293 
39.4616371745101 53.75784923693904 62.21805528739072 8.784496603089142 
35.423204697330476 34.444874188848075 2.5976275346261346 23.295899784726416 
# 3
98.054034579176 74.62244450478337 67.80786457943564 66.46938836630576 
35.35585511764915 55.855204066151586 79.39177904018304 75.22567709648939 
24.480799529206166 52.740152664412555 60.12430335072325 41.914767418506074 
# 3
37.2882585575019 26.96008661281265 6.045870232460904 87.26937466920116 
60.6728688772243 43.637933037149836 18.834459513402834 90.5831549287282 
45.64135900533912 85.99542802040776 82.94706214902658 0.4739913279036334 
# 3
84.0615303034099 28.409042604363076 40.14409577239234 22.249794176605995 
73.43780429702115 81.93892783754363 3.2609969334107536 95.07413802431019 
53.522448901098876 55.44364293631623 51.48073585656152 25.143284681840516 
# 3
57.58740904105536 60.354069429841836 24.529908795998413 54.43961464991352 
19.63242693769519 13.69380052223872 57.722382348436 31.898921969482785 
74.85157495674872 56.92216171167277 6.962854089302784 94.07842471886627 
# 3
19.97552373978525 27.270377404983627 63.17151383881342 90.87743547164791 
12.086680900686986 86.72359460115511 66.08176625513117 14.524168719333897 
49.8981800969427 74.6926884328714 94.50067000952944 6.333657792868152 
# 3
0.6210061083475438 35.383247488373925 94.28838211563854 96.86243834500328 
14.793580768379123 16.178896835810374 1.0253303620116783 96.6813763377016 
6.015484275816895 82.55990949011688 29.295364589672733 11.412575266712787 
# 3
21.25142252896349 4.86881089080895 82.33836125468464 72.46342252901566 
35.42910890547816 40.388385094617895 14.838855988174249 62.568329080812504 
21.32260294908739 42.196992467723696 96.6686065129878 33.21026786674525 
# 3
63.960750953629656 24.945131335345174 22.814328850654054 10.158668644136359 
12.200978028747755 51.71691175717893 79.3473012365807 14.611315730618879 
97.08477785730932 37.16411406380817 68.21208009822806 26.555257758483542 
# 3
31.705071383693607 81.30827735326075 75.88632795354457 72.13334020518366 
71.1925168629459 65.64050537788125 79.02159023744613 73.15151870950261 
37.14441806932262 8.798531373571771 3.1889075220045693 71.49777721417743 
# 3
19.230166963893115 26.549344984038747 73.44490490112759 54.08265434292024 
27.82200259682892 92.0590307804932 68.53746130714077 48.48141836928901 
8.203088300964678 71.01295495814776 22.840073909964463 80.23411537356012 
# 3
90.51411991280538 28.79927215994609 28.65879523851772 36.858316284009476 
4.489956452911303 19.096207184876224 89.92352783722762 52.384094627931624 
5.358112565388851 50.51341634577261 86.59390805742791 87.56563036839003 
# 3
29.03938195869896 39.1356262161229 86.38940880291257 56.87484353762188 
86.83861984166337 54.887139765226266 30.604761055166783 41.732855694940554 
42.62650237134893 58.59546787324914 65.84297451766507 94.12156010286607 
# 3
39.645096291124304 73.57106956055706 75.84561570107195 61.92180430890751 
41.14147371153815 32.9145554162931 38.91652667540758 18.96175678062544 
21.405943914290436 71.05559399260743 36.126495214446386 5.8614089440281685 
# 3
52.47920028577241 48.590529149220316 55.20336959600564 20.729769461939007 
16.879581762584106 5.307806112782831 58.7231672819365 21.782219987389396 
63.400463255446816 5.483463194248084 77.37159557974003 74.12131124741067 
# 3
38.831493387743464 87.34880930688925 65.96583400617278 11.764212067780344 
59.51325687280416 82.4122411271055 9.974626841288925 70.60119917424359 
27.679743717644612 44.110450257242675 21.091879123618885 20.266042541979957 
# 3
38.69816211158498 67.69119720127897 30.991417681178202 41.806464140065714 
93.21342143606029 74.3064665084388 0.2727588914524848 50.551509579158285 
91.70761833034635 92.70893275165052 52.731071655424046 23.01666853116402 
# 3
41.67451675072578 8.777354861489084 17.47685821395074 31.88668411283637 
52.7983279322759 77.58207708785325 25.31113338463673 68.47493568220737 
12.155647013942882 3.8368423327650114 54.058111628215386 96.45305706608256 
# 3
35.75984550816261 28.612401314605705 50.6714387748575 32.3991041862176 
70.11738979991257 7.417579087861448 47.723531159648836 75.62596338553035 
28.656971833943512 63.10922132727247 95.18811477417857 30.527840293149357 
# 3
91.62070845414983 6.812034018127622 89.68151096211068 54.454691445775396 
95.95964272948035 41.60532494715727 37.656992716602154 89.79905197962846 
30.010037845974846 24.611791196319576 94.61868846196062 35.6011688054184 
# 3
84.3165685429207 29.8284036995782 6.229681393671537 28.757615333982113 
29.160466532584252 23.416910677008595 21.258138782308656 53.93328237292133 
55.979444045756566 51.927643897402795 74.80434557186491 51.026656225330356 
# 3
65.91083478931787 45.43691107075474 48.788121906644975 78.2494623154858 
85.70698023376576 66.42972624792169 10.9727380006433 40.08497777108444 
96.38296238069142 32.903974349744516 49.23767964311926 81.57408725050925 
# 3
89.64077807147703 41.44688604524524 18.745216863981195 81.18051409217176 
26.100301738871323 54.66360530117319 77.67257265882199 94.84204908376337 
68.14828000440501 47.33258156058635 17.42870935668054 56.23224737484244 
# 3
8.937950664316919 85.10780287089894 42.856958835887546 30.275149175829842 
11.925599807585796 3.407012229589357 96.87436487407875 5.13907626871013 
52.96381466387346 93.85855147447407 13.187142325925926 24.296832950782377 
# 3
30.095956911685562 27.31815521730494 87.42473901857505 8.255086061274286 
51.87725599470397 32.06548873823296 10.572088205309315 98.08112144530641 
74.47042346567223 46.90897269985764 52.590378494085364 39.51274669354267 
# 3
96.10555549840038 24.06075250189058 40.8450568908743 81.94926834731564 
8.206174281723499 38.23688160503874 45.83059373103471 0.44907581919318984 
54.33680338229426 5.026071378782094 10.575856154986663 86.5098609867679 
# 3
66.7483484993489 85.95621616930288 35.657619649682346 9.246209187478394 
75.80449937189064 86.37547528127605 10.153416192358488 62.29102686503873 
35.0931249921184 91.85066681349137 52.721564542264744 83.33345556698161 
# 3
43.731063919339576 27.160309190626354 29.538791057119973 30.71804408228902 
13.53123693836129 42.86382074781607 47.79873449236429 35.091266619741454 
26.81420100907682 14.920275786115301 84.4781164847739 37.769538917524734 
# 3
50.154349998781775 34.89372356033081 63.804374401340866 96.18261330271993 
60.8267875684845 15.202416934737407 50.928816430405035 43.84782535743768 
29.845830258056683 87.8904581758345 82.65447038243279 52.84633258742997 
# 3
89.31936062781945 16.193069535914827 61.60061565341842 60.84080457113197 
42.38262150097446 27.849374322054 46.23234566437438 72.68561195116288 
69.14154815288224 67.03739158831952 13.80149307875631 22.28286556100665 
# 3
80.72779384515809 75.46671559334031 67.13867668049684 31.164424192196407 
81.76512687517705 3.350842088443484 24.763040910606215 78.20293164954646 
83.26865323734638 2.518234109592954 17.460497594790002 25.53784124629106 
# 3
58.20309735590386 84.70540682386489 82.71483965828766 50.11188615217767 
33.75386367417131 39.4925596441853 26.827573937520256 51.14448559762078 
38.73603890794005 4.306616834079325 5.2711300321730885 47.13614275485215 
# 3
57.44037579713972 21.56223833038362 15.432369236495102 44.36637320188706 
93.02246138773899 28.250966894370542 46.58218528580533 0.6381716123560088 
5.574967570371536 45.022654600039125 56.90476599679527 69.8531175148434 
# 3
87.65974234868517 60.540885376998986 53.10984420891561 82.21054901166835 
80.75476338453899 74.7203133330518 45.08769158411311 83.9666284928783 
68.513519803804 10.588631811723392 45.11455527065602 59.92456126446643 
# 3
47.18281000941803 38.240487112542176 24.135724743123042 64.68054206568607 
0.666992245970699 99.16121774268777 54.68358388266187 55.91122238369559 
22.016265726250793 31.33629775460519 95.24042011643688 60.553546870057374 
# 3
95.70274987704848 72.08007523567123 5.7941576483298345 23.966207862166723 
74.15119957650636 0.05376126495160172 45.757177145936204 87.15587724174252 
40.41215427535213 29.157985827718257 71.56384305242324 68.56884410410304 
# 3
59.254039422395046 4.86003909435836 8.520465647586729 92.43969204335617 
26.31425702454179 7.496516847869628 96.66108285229014 56.27472201144219 
63.53078150855656 68.86492516163109 98.05739163315857 34.383274807373596 
# 3
83.74493506981472 83.93750139587692 49.45728585431964 19.886988128139095 
1.2819292267014726 36.10901779724613 72.59860211934662 38.437384878510485 
56.32002214230351 35.47858947442695 78.63925545469132 36.134791236831745 
# 3
15.573920370767302 18.004663306943215 29.29547734452289 49.93166536752798 
29.08458727497346 84.21807453433482 34.93588674081337 0.012326428374087595 
4.0449903481801 99.91541104184749 93.42363137214056 92.31040349637968 
# 3
14.66466502613435 34.57179134287266 89.56893887906608 33.601815136573634 
45.09624780769562 1.2254374290329606 43.05646890996595 70.71301880240945 
1.8292557829471923 25.655048246235534 97.0598824362323 58.01460771151977 
# 3
25.433874819403023 95.91731003220386 2.3099093390936742 82.3453889495957 
59.777167487499305 44.481491519288156 51.37139923993177 50.978606620116 
84.27201047456091 17.58460088309529 96.75008854888306 87.11722546039773 
# 3
31.60189523016541 95.55037657349074 92.85566008841947 18.059585373309805 
61.15054960971879 63.96124446621854 32.15519302349826 14.885268078404511 
6.6945525740089495 54.65201653112205 75.5755092354683 66.82316498668955 
